0
1
4
7
7
7
8
11
14
18
18
19
22
24
26
26
26
28
31
35
35
35
35
38
42
42
43
46
49
51
53
54
57
60
60
60
61
64
66
67
69
70
73
73
75
75
76
79
81
83
83
84
87
90
94
94
95
98
100
104
104
104
104
107
107
109
110
113
113
115
117
118
120
122
124
126
127
130
132
132
132
132
134
135
139
139
140
143
145
147
147
148
151
151
153
155
156
159
161
163
163
164
166
167
169
171
172
175
177
179
179
180
182
185
189
191
192
195
195
198
198
199
202
204
206
208
209
212
214
218
218
219
222
224
225
226
227
229
232
232
233
234
237
240
244
244
245
247
249
249
249
250
252
253
255
255
256
259
262
262
264
265
268
271
271
271
272
275
277
281
281
281
281
284
286
286
287
290
290
293
295
296
299
301
303
303
303
305
305
308
308
309
309
312
314
314
315
317
320
320
322
323
326
329
329
329
330
333
335
339
341
342
345
345
349
349
350
352
353
357
357
358
360
361
363
363
364
367
370
370
370
371
374
374
377
377
378
381
383
387
387
388
391
393
393
395
396
399
402
404
406
407
409
410
412
414
415
417
418
421
421
421
424
426
430
430
431
433
434
437
437
437
439
441
443
445
446
448
449
453
453
454
457
460
464
466
467
469
471
472
473
474
476
477
480
480
480
482
485
489
489
490
493
493
495
495
496
498
499
502
502
503
506
508
512
514
514
517
520
522
522
523
526
529
531
533
534
536
539
541
541
541
542
544
545
546
546
549
549
552
554
555
556
558
560
560
560
562
565
565
565
566
569
572
574
574
575
578
581
583
583
583
583
586
586
586
586
588
591
591
593
594
597
599
601
601
602
605
608
610
612
613
615
617
617
619
620
623
626
628
630
631
634
634
638
638
638
640
640
644
644
644
644
647
649
649
649
652
655
659
659
660
663
665
667
667
667
669
671
673
673
674
677
680
684
684
684
684
687
689
689
690
693
693
693
695
696
699
699
703
703
703
706
709
711
711
712
714
715
718
718
719
722
725
729
729
730
732
733
735
735
736
739
739
743
743
744
746
749
749
749
749
752
755
755
757
758
761
764
764
766
767
769
771
773
775
776
779
781
783
783
784
787
790
790
792
793
795
798
802
804
805
808
811
815
815
815
815
818
818
818
819
822
825
825
827
828
830
833
835
837
838
841
844
844
844
844
846
846
849
851
852
855
857
859
859
860
863
865
865
865
866
869
869
872
872
873
876
879
881
881
882
885
888
890
892
893
896
896
899
899
899
900
902
904
906
907
910
913
913
913
914
917
920
922
922
922
924
924
924
924
924
926
929
933
933
934
937
940
940
940
941
943
946
950
950
951
953
956
958
958
959
962
964
968
968
968
970
970
973
973
974
976
978
980
982
982
982
985
987
987
988
991
991
993
993
994
996
999
999
1001
1002
1003
1006
1010
1012
1013
1015
1017
1017
1017
1018
1020
1023
1023
1023
1024
1026
1029
1031
1033
1034
1037
1040
1042
1044
1045
1047
1049
1051
1051
1052
1055
1058
1060
1060
1061
1063
1064
1066
1068
1069
1072
1074
1074
1075
1076
1079
1081
1083
1083
1083
1085
1086
1088
1088
1089
1091
1094
1094
1096
1097
1100
1102
1102
1102
1102
1105
1108
1112
1112
1113
1116
1116
1119
1119
1120
1123
1126
1128
1128
1129
1131
1134
1134
1135
1136
1138
1139
1142
1142
1142
1143
1145
1149
1151
1152
1155
1158
1162
1162
1163
1166
1166
1168
1168
1169
1171
1174
1174
1176
1177
1180
1182
1186
1188
1189
1191
1194
1194
1195
1196
1199
1202
1202
1202
1203
1206
1209
1213
1213
1214
1217
1219
1221
1223
1224
1227
1229
1231
1231
1232
1235
1238
1240
1240
1241
1244
1244
1248
1248
1249
1249
1252
1253
1255
1256
1259
1261
1261
1262
1262
1265
1268
1272
1272
1273
1276
1279
1279
1281
1282
1284
1286
1286
1288
1288
1291
1294
1294
1296
1297
1298
1300
1304
1304
1304
1304
1307
1307
1309
1309
1309
1312
1314
1316
1317
1319
1321
1323
1323
1324
1326
1327
1329
1329
1329
1331
1334
1336
1336
1337
1339
1340
1342
1342
1342
1345
1348
1348
1350
1351
1354
1357
1359
1359
1360
1363
1365
1367
1367
1368
1368
1371
1375
1375
1376
1379
1379
1381
1381
1382
1384
1385
1388
1388
1388
1389
1391
1393
1393
1394
1397
1397
1401
1403
1403
1406
1406
1406
1408
1409
1411
1413
1417
1417
1417
1417
1420
1424
1424
1425
1428
1430
1431
1432
1433
1436
1439
1439
1439
1439
1441
1443
1445
1445
1446
1449
1449
1452
1452
1453
1456
1459
1461
1463
1464
1466
1468
1470
1470
1471
1474
1477
1481
1481
1482
1485
1488
1492
1492
1493
1496
1496
1498
1500
1501
1503
1506
1508
1508
1509
1512
1514
1518
1520
1521
1523
1524
1526
1526
1527
1530
1532
1533
1534
1534
1537
1539
1541
1543
1544
1547
1550
1550
1552
1553
1556
1556
1557
1558
1558
1561
1564
1568
1568
1569
1572
1575
1577
1577
1578
1581
1583
1585
1585
1586
1589
1592
1592
1594
1594
1596
1599
1599
1600
1601
1604
1604
1607
1609
1610
1612
1613
1613
1615
1616
1619
1622
1622
1622
1623
1625
1627
1627
1627
1628
1630
1632
1632
1632
1633
1636
1639
1639
1639
1639
1641
1644
1644
1646
1646
1646
1649
1653
1655
1656
1659
1661
1663
1665
1665
1665
1667
1669
1669
1670
1673
1673
1675
1675
1676
1678
1679
1681
1681
1682
1685
1687
1689
1689
1689
1691
1694
1696
1696
1697
1700
1700
1702
1702
1703
1705
1707
1707
1709
1709
1711
1714
1718
1720
1721
1723
1726
1726
1726
1727
1729
1730
1732
1732
1733
1736
1739
1741
1741
1742
1745
1748
1748
1748
1749
1751
1752
1756
1758
1759
1762
1764
1768
1768
1769
1772
1775
1775
1777
1778
1781
1783
1783
1783
1784
1787
1787
1787
1789
1789
1791
1793
1795
1795
1796
1799
1802
1802
1802
1803
1806
1808
1810
1810
1811
1814
1817
1817
1817
1818
1821
1823
1823
1823
1823
1825
1827
1827
1827
1827
1829
1831
1833
1833
1834
1837
1840
1842
1844
1845
1848
1850
1852
1852
1852
1854
1856
1858
1858
1859
1862
1865
1865
1867
1868
1871
1871
1875
1875
1875
1875
1878
1882
1884
1884
1884
1887
1888
1889
1890
1893
1893
1893
1893
1894
1896
1898
1900
1900
1901
1904
1907
1911
1911
1912
1915
1915
1917
1919
1919
1922
1924
1928
1928
1929
1932
1932
1934
1934
1935
1938
1938
1942
1942
1942
1944
1947
1947
1949
1950
1953
1956
1960
1962
1963
1966
1969
1971
1971
1972
1974
1975
1977
1977
1978
1981
1984
1984
1984
1985
1988
1990
1992
1992
1993
1995
1998
1998
1999
2000
2003
2003
2005
2007
2007
2007
2010
2012
2014
2015
2017
2018
2021
2021
2021
2024
2024
2028
2028
2028
2028
2031
2035
2035
2035
2035
2038
2038
2040
2041
2043
2044
2045
2047
2048
2051
2054
2056
2056
2056
2058
2060
2062
2064
2065
2068
2070
2071
2071
2072
2075
2078
2080
2082
2083
2085
2087
2089
2091
2092
2095
2098
2098
2098
2099
2102
2105
2105
2105
2106
2109
2112
2116
2118
2119
2121
2122
2124
2126
2126
2126
2129
2129
2129
2130
2133
2135
2139
2139
2139
2142
2145
2145
2145
2146
2149
2151
2151
2153
2154
2156
2159
2159
2159
2160
2162
2165
2165
2166
2167
2169
2171
2173
2173
2174
2177
2180
2180
2180
2181
2184
2187
2187
2187
2188
2191
2194
2198
2198
2199
2202
2204
2208
2208
2209
2212
2214
2214
2214
2215
2218
2221
2225
2225
2226
2229
2231
2233
2235
2236
2239
2242
2244
2246
2246
2249
2249
2252
2252
2252
2252
2254
2254
2255
2256
2258
2259
2262
2262
2263
2263
2264
2266
2266
2266
2269
2272
2276
2276
2277
2280
2283
2287
2287
2288
2290
2291
2293
2293
2294
2297
2299
2301
2301
2302
2305
2305
2308
2308
2309
2309
2310
2313
2315
2315
2315
2318
2318
2318
2318
2321
2323
2323
2325
2326
2329
2329
2333
2333
2334
2337
2340
2340
2340
2340
2342
2343
2346
2346
2347
2349
2352
2356
2358
2358
2358
2361
2365
2365
2366
2369
2372
2374
2376
2377
2379
2381
2381
2381
2382
2384
2387
2387
2389
2390
2392
2395
2399
2401
2402
2404
2405
2407
2407
2408
2410
2413
2415
2417
2418
2421
2423
2423
2425
2426
2429
2431
2433
2433
2434
2437
2440
2440
2440
2441
2444
2444
2446
2446
2447
2450
2452
2453
2455
2456
2459
2462
2462
2464
2465
2468
2470
2470
2470
2470
2472
2475
2479
2479
2480
2483
2486
2488
2488
2489
2492
2495
2495
2495
2496
2499
2499
2501
2503
2504
2507
2510
2514
2514
2515
2515
2518
2518
2518
2518
2520
2523
2523
2525
2526
2528
2531
2535
2535
2536
2539
2542
2542
2542
2543
2546
2546
2548
2548
2549
2551
2554
2554
2554
2555
2558
2561
2561
2561
2562
2564
2567
2567
2567
2567
2569
2570
2572
2572
2573
2575
2577
2577
2577
2578
2581
2584
2586
2586
2587
2590
2592
2594
2594
2595
2598
2600
2602
2604
2605
2607
2609
2611
2613
2614
2617
2620
2620
2620
2621
2623
2625
2627
2629
2630
2633
2635
2635
2635
2636
2639
2641
2641
2642
2642
2645
2647
2648
2650
2651
2654
2656
2658
2660
2660
2663
2666
2668
2668
2668
2670
2672
2672
2672
2673
2676
2679
2681
2681
2682
2685
2687
2689
2689
2690
2693
2695
2697
2697
2698
2701
2703
2705
2707
2708
2711
2713
2713
2713
2714
2717
2720
2720
2722
2723
2725
2727
2729
2731
2732
2735
2737
2739
2739
2740
2743
2743
2746
2746
2746
2747
2750
2750
2750
2751
2754
2756
2758
2760
2761
2762
2764
2766
2768
2769
2772
2774
2774
2774
2774
2776
2777
2781
2781
2782
2785
2787
2789
2789
2790
2793
2793
2795
2797
2798
2801
2803
2805
2805
2806
2808
2809
2811
2813
2814
2817
2819
2821
2821
2822
2824
2827
2831
2833
2834
2837
2837
2840
2840
2841
2844
2846
2848
2850
2851
2854
2856
2860
2860
2861
2864
2866
2867
2868
2869
2871
2874
2874
2875
2876
2879
2882
2886
2886
2887
2889
2891
2891
2891
2892
2894
2895
2897
2897
2898
2901
2904
2904
2906
2907
2910
2913
2913
2913
2914
2917
2919
2923
2923
2923
2923
2926
2928
2928
2929
2932
2932
2935
2937
2938
2941
2943
2945
2945
2945
2947
2947
2950
2950
2951
2951
2954
2956
2956
2957
2959
2962
2962
2964
2965
2968
2971
2971
2971
2972
2975
2977
2981
2983
2984
2987
2987
2991
2991
2992
2994
2995
2999
2999
3000
3002
3003
3005
3005
3006
3009
3012
3012
3012
3013
3016
3016
3019
3019
3020
3023
3025
3029
3029
3030
3033
3035
3035
3037
3038
3041
3044
3046
3048
3049
3051
3052
3054
3056
3057
3059
3060
3063
3063
3063
3066
3068
3072
3072
3073
3075
3076
3079
3079
3079
3081
3083
3085
3087
3088
3090
3091
3095
3095
3096
3099
3102
3106
3108
3109
3111
3113
3114
3115
3116
3118
3119
3122
3122
3122
3124
3127
3131
3131
3132
3135
3135
3137
3137
3138
3140
3141
3144
3144
3145
3148
3150
3154
3156
3156
3159
3162
3164
3164
3165
3168
3171
3173
3175
3176
3178
3181
3183
3183
3183
3184
3186
3187
3188
3188
3191
3191
3194
3196
3197
3198
3200
3202
3202
3202
3204
3207
3207
3207
3208
3211
3214
3216
3216
3217
3220
3223
3225
3225
3225
3225
3228
3228
3228
3228
3230
3233
3233
3235
3236
3239
3241
3243
3243
3244
3247
3250
3252
3254
3255
3257
3259
3259
3261
3262
3265
3268
3270
3272
3273
3276
3276
3280
3280
3280
3282
3282
3286
3286
3286
3286
3289
3291
3291
3291
3294
3297
3301
3301
3302
3305
3307
3309
3309
3309
3311
3313
3315
3315
3316
3319
3322
3326
3326
3326
3326
3329
3331
3331
3332
3335
3335
3335
3337
3338
3341
3341
3345
3345
3345
3348
3351
3353
3353
3354
3356
3357
3360
3360
3361
3364
3367
3371
3371
3372
3374
3375
3377
3377
3378
3381
3381
3385
3385
3386
3388
3391
3391
3391
3391
3394
3397
3397
3399
3400
3403
3406
3406
3408
3409
3411
3413
3415
3417
3418
3421
3423
3425
3425
3426
3429
3432
3432
3434
3435
3437
3440
3444
3446
3447
3450
3453
3457
3457
3457
3457
3460
3460
3460
3461
3464
3467
3467
3469
3470
3472
3475
3477
3479
3480
3483
3486
3486
3486
3486
3488
3488
3491
3493
3494
3497
3499
3501
3501
3502
3505
3507
3507
3507
3508
3511
3511
3514
3514
3515
3518
3521
3523
3523
3524
3527
3530
3532
3534
3535
3538
3538
3541
3541
3541
3542
3544
3546
3548
3549
3552
3555
3555
3555
3556
3559
3562
3564
3564
3564
3566
3566
3566
3566
3566
3568
3571
3575
3575
3576
3579
3582
3582
3582
3583
3585
3588
3592
3592
3593
3595
3598
3600
3600
3601
3604
3606
3610
3610
3610
3612
3612
3615
3615
3616
3618
3620
3622
3624
3624
3624
3627
3629
3629
3630
3633
3633
3635
3635
3636
3638
3641
3641
3643
3644
3645
3648
3652
3654
3655
3657
3659
3659
3659
3660
3662
3665
3665
3665
3666
3668
3671
3673
3675
3676
3679
3682
3684
3686
3687
3689
3691
3693
3693
3694
3697
3700
3702
3702
3703
3705
3706
3708
3710
3711
3714
3716
3716
3717
3718
3721
3723
3725
3725
3725
3727
3728
3730
3730
3731
3733
3736
3736
3738
3739
3742
3744
3744
3744
3744
3747
3750
3754
3754
3755
3758
3758
3761
3761
3762
3765
3768
3770
3770
3771
3773
3776
3776
3777
3778
3780
3781
3784
3784
3784
3785
3787
3791
3793
3794
3797
3800
3804
3804
3805
3808
3808
3810
3810
3811
3813
3816
3816
3818
3819
3822
3824
3828
3830
3831
3833
3836
3836
3837
3838
3841
3844
3844
3844
3845
3848
3851
3855
3855
3856
3859
3861
3863
3865
3866
3869
3871
3873
3873
3874
3877
3880
3882
3882
3883
3886
3886
3890
3890
3891
3891
3894
3895
3897
3898
3901
3903
3903
3904
3904
3907
3910
3914
3914
3915
3918
3921
3921
3923
3924
3926
3928
3928
3930
3930
3933
3936
3936
3938
3939
3940
3942
3946
3946
3946
3946
3949
3949
3951
3951
3951
3954
3956
3958
3959
3961
3963
3965
3965
3966
3968
3969
3971
3971
3971
3973
3976
3978
3978
3979
3981
3982
3984
3984
3984
3987
3990
3990
3992
3993
3996
3999
4001
4001
4002
4005
4007
4009
4009
4010
4010
4013
4017
4017
4018
4021
4021
4023
4023
4024
4026
4027
4030
4030
4030
4031
4033
4035
4035
4036
4039
4039
4043
4045
4045
4048
4048
4048
4050
4051
4053
4055
4059
4059
4059
4059
4062
4066
4066
4067
4070
4072
4073
4074
4075
4078
4081
4081
4081
4081
4083
4085
4087
4087
4088
4091
4091
4094
4094
4095
4098
4101
4103
4105
4106
4108
4110
4112
4112
4113
4116
4119
4123
4123
4124
4127
4130
4134
4134
4135
4138
4138
4140
4142
4143
4145
4148
4150
4150
4151
4154
4156
4160
4162
4163
4165
4166
4168
4168
4169
4172
4174
4175
4176
4176
4179
4181
4183
4185
4186
4189
4192
4192
4194
4195
4198
4198
4199
4200
4200
4203
4206
4210
4210
4211
4214
4217
4219
4219
4220
4223
4225
4227
4227
4228
4231
4234
4234
4236
4236
4238
4241
4241
4242
4243
4246
4246
4249
4251
4252
4254
4255
4255
4257
4258
4261
4264
4264
4264
4265
4267
4269
4269
4269
4270
4272
4274
4274
4274
4275
4278
4281
4281
4281
4281
4283
4286
4286
4288
4288
4288
4291
4295
4297
4298
4301
4303
4305
4307
4307
4307
4309
4311
4311
4312
4315
4315
4317
4317
4318
4320
4321
4323
4323
4324
4327
4329
4331
4331
4331
4333
4336
4338
4338
4339
4342
4342
4344
4344
4345
4347
4349
4349
4351
4351
4353
4356
4360
4362
4363
4365
4368
4368
4368
4369
4371
4372
4374
4374
4375
4378
4381
4383
4383
4384
4387
4390
4390
4390
4391
4393
4394
4398
4400
4401
4404
4406
4410
4410
4411
4414
4417
4417
4419
4420
4423
4425
4425
4425
4426
4429
4429
4429
4431
4431
4433
4435
4437
4437
4438
4441
4444
4444
4444
4445
4448
4450
4452
4452
4453
4456
4459
4459
4459
4460
4463
4465
4465
4465
4465
4467
4469
4469
4469
4469
4471
4473
4475
4475
4476
4479
4482
4484
4486
4487
4490
4492
4494
4494
4494
4496
4498
4500
4500
4501
4504
4507
4507
4509
4510
4513
4513
4517
4517
4517
4517
4520
4524
4526
4526
4526
4529
4530
4531
4532
4535
4535
4535
4535
4536
4538
4540
4542
4542
4543
4546
4549
4553
4553
4554
4557
4557
4559
4561
4561
4564
4566
4570
4570
4571
4574
4574
4576
4576
4577
4580
4580
4584
4584
4584
4586
4589
4589
4591
4592
4595
4598
4602
4604
4605
4608
4611
4613
4613
4614
4616
4617
4619
4619
4620
4623
4626
4626
4626
4627
4630
4632
4634
4634
4635
4637
4640
4640
4641
4642
4645
4645
4647
4649
4649
4649
4652
4654
4656
4657
4659
4660
4663
4663
4663
4666
4666
4670
4670
4670
4670
4673
4677
4677
4677
4677
4680
4680
4682
4683
4685
4686
4687
4689
4690
4693
4696
4698
4698
4698
4700
4702
4704
4706
4707
4710
4712
4713
4713
4714
4717
4720
4722
4724
4725
4727
4729
4731
4733
4734
4737
4740
4740
4740
4741
4744
4747
4747
4747
4748
4751
4754
4758
4760
4761
4763
4764
4766
4768
4768
4768
4771
4771
4771
4772
4775
4777
4781
4781
4781
4784
4787
4787
4787
4788
4791
4793
4793
4795
4796
4798
4801
4801
4801
4802
4804
4807
4807
4808
4809
4811
4813
4815
4815
4816
4819
4822
4822
4822
4823
4826
4829
4829
4829
4830
4833
4836
4840
4840
4841
4844
4846
4850
4850
4851
4854
4856
4856
4856
4857
4860
4863
4867
4867
4868
4871
4873
4875
4877
4878
4881
4884
4886
4888
4888
4891
4891
4894
4894
4894
4894
4896
4896
4897
4898
4900
4901
4904
4904
4905
4905
4906
4908
4908
4908
4911
4914
4918
4918
4919
4922
4925
4929
4929
4930
4932
4933
4935
4935
4936
4939
4941
4943
4943
4944
4947
4947
4950
4950
4951
4951
4952
4955
4957
4957
4957
4960
4960
4960
4960
4963
4965
4965
4967
4968
4971
4971
4975
4975
4976
4979
4982
4982
4982
4982
4984
4985
4988
4988
4989
4991
4994
4998
5000
5000
5000
5003
5007
5007
5008
5011
5014
5016
5018
5019
5021
5023
5023
5023
5024
5026
5029
5029
5031
5032
5034
5037
5041
5043
5044
5046
5047
5049
5049
5050
5052
5055
5057
5059
5060
5063
5065
5065
5067
5068
5071
5073
5075
5075
5076
5079
5082
5082
5082
5083
5086
5086
5088
5088
5089
5092
5094
5095
5097
5098
5101
5104
5104
5106
5107
5110
5112
5112
5112
5112
5114
5117
5121
5121
5122
5125
5128
5130
5130
5131
5134
5137
5137
5137
5138
5141
5141
5143
5145
5146
5149
5152
5156
5156
5157
5157
5160
5160
5160
5160
5162
5165
5165
5167
5168
5170
5173
5177
5177
5178
5181
5184
5184
5184
5185
5188
5188
5190
5190
5191
5193
5196
5196
5196
5197
5200
5203
5203
5203
5204
5206
5209
5209
5209
5209
5211
5212
5214
5214
5215
5217
5219
5219
5219
5220
5223
5226
5228
5228
5229
5232
5234
5236
5236
5237
5240
5242
5244
5246
5247
5249
5251
5253
5255
5256
5259
5262
5262
5262
5263
5265
5267
5269
5271
5272
5275
5277
5277
5277
5278
5281
5283
5283
5284
5284
5287
5289
5290
5292
5293
5296
5298
5300
5302
5302
5305
5308
5310
5310
5310
5312
5314
5314
5314
5315
5318
5321
5323
5323
5324
5327
5329
5331
5331
5332
5335
5337
5339
5339
5340
5343
5345
5347
5349
5350
5353
5355
5355
5355
5356
5359
5362
5362
5364
5365
5367
5369
5371
5373
5374
5377
5379
5381
5381
5382
5385
5385
5388
5388
5388
5389
5392
5392
5392
5393
5396
5398
5400
5402
5403
5404
5406
5408
5410
5411
5414
5416
5416
5416
5416
5418
5419
5423
5423
5424
5427
5429
5431
5431
5432
5435
5435
5437
5439
5440
5443
5445
5447
5447
5448
5450
5451
5453
5455
5456
5459
5461
5463
5463
5464
5466
5469
5473
5475
5476
5479
5479
5482
5482
5483
5486
5488
5490
5492
5493
5496
5498
5502
5502
5503
5506
5508
5509
5510
5511
5513
5516
5516
5517
5518
5521
5524
5528
5528
5529
5531
5533
5533
5533
5534
5536
5537
5539
5539
5540
5543
5546
5546
5548
5549
5552
5555
5555
5555
5556
5559
5561
5565
5565
5565
5565
5568
5570
5570
5571
5574
5574
5577
5579
5580
5583
5585
5587
5587
5587
5589
5589
5592
5592
5593
5593
5596
5598
5598
5599
5601
5604
5604
5606
5607
5610
5613
5613
5613
5614
5617
5619
5623
5625
5626
5629
5629
5633
5633
5634
5636
5637
5641
5641
5642
5644
5645
5647
5647
5648
5651
5654
5654
5654
5655
5658
5658
5661
5661
5662
5665
5667
5671
5671
5672
5675
5677
5677
5679
5680
5683
5686
5688
5690
5691
5693
5694
5696
5698
5699
5701
5702
5705
5705
5705
5708
5710
5714
5714
5715
5717
5718
5721
5721
5721
5723
5725
5727
5729
5730
5732
5733
5737
5737
5738
5741
5744
5748
5750
5751
5753
5755
5756
5757
5758
5760
5761
5764
5764
5764
5766
5769
5773
5773
5774
5777
5777
5779
5779
5780
5782
5783
5786
5786
5787
5790
5792
5796
5798
5798
5801
5804
5806
5806
5807
5810
5813
5815
5817
5818
5820
5823
5825
5825
5825
5826
5828
5829
5830
5830
5833
5833
5836
5838
5839
5840
5842
5844
5844
5844
5846
5849
5849
5849
5850
5853
5856
5858
5858
5859
5862
5865
5867
5867
5867
5867
5870
5870
5870
5870
5872
5875
5875
5877
5878
5881
5883
5885
5885
5886
5889
5892
5894
5896
5897
5899
5901
5901
5903
5904
5907
5910
5912
5914
5915
5918
5918
5922
5922
5922
5924
5924
5928
5928
5928
5928
5931
5933
5933
5933
5936
5939
5943
5943
5944
5947
5949
5951
5951
5951
5953
5955
5957
5957
5958
5961
5964
5968
5968
5968
5968
5971
5973
5973
5974
5977
5977
5977
5979
5980
5983
5983
5987
5987
5987
5990
5993
5995
5995
5996
5998
5999
6002
6002
6003
6006
6009
6013
6013
6014
6016
6017
6019
6019
6020
6023
6023
6027
6027
6028
6030
6033
6033
6033
6033
6036
6039
6039
6041
6042
6045
6048
6048
6050
6051
6053
6055
6057
6059
6060
6063
6065
6067
6067
6068
6071
6074
6074
6076
6077
6079
6082
6086
6088
6089
6092
6095
6099
6099
6099
6099
6102
6102
6102
6103
6106
6109
6109
6111
6112
6114
6117
6119
6121
6122
6125
6128
6128
6128
6128
6130
6130
6133
6135
6136
6139
6141
6143
6143
6144
6147
6149
6149
6149
6150
6153
6153
6156
6156
6157
6160
6163
6165
6165
6166
6169
6172
6174
6176
6177
6180
6180
6183
6183
6183
6184
6186
6188
6190
6191
6194
6197
6197
6197
6198
6201
6204
6206
6206
6206
6208
6208
6208
6208
6208
6210
6213
6217
6217
6218
6221
6224
6224
6224
6225
6227
6230
6234
6234
6235
6237
6240
6242
6242
6243
6246
6248
6252
6252
6252
6254
6254
6257
6257
6258
6260
6262
6264
6266
6266
6266
6269
6271
6271
6272
6275
6275
6277
6277
6278
6280
6283
6283
6285
6286
6287
6290
6294
6296
6297
6299
6301
6301
6301
6302
6304
6307
6307
6307
6308
6310
6313
6315
6317
6318
6321
6324
6326
6328
6329
6331
6333
6335
6335
6336
6339
6342
6344
6344
6345
6347
6348
6350
6352
6353
6356
6358
6358
6359
6360
6363
6365
6367
6367
6367
6369
6370
6372
6372
6373
6375
6378
6378
6380
6381
6384
6386
6386
6386
6386
6389
6392
6396
6396
6397
6400
6400
6403
6403
6404
6407
6410
6412
6412
6413
6415
6418
6418
6419
6420
6422
6423
6426
6426
6426
6427
6429
6433
6435
6436
6439
6442
6446
6446
6447
6450
6450
6452
6452
6453
6455
6458
6458
6460
6461
6464
6466
6470
6472
6473
6475
6478
6478
6479
6480
6483
6486
6486
6486
6487
6490
6493
6497
6497
6498
6501
6503
6505
6507
6508
6511
6513
6515
6515
6516
6519
6522
6524
6524
6525
6528
6528
6532
6532
6533
6533
6536
6537
6539
6540
6543
6545
6545
6546
6546
6549
6552
6556
6556
6557
6560
6563
6563
6565
6566
6568
6570
6570
6572
6572
6575
6578
6578
6580
6581
6582
6584
6588
6588
6588
6588
6591
6591
6593
6593
6593
6596
6598
6600
6601
6603
6605
6607
6607
6608
6610
6611
6613
6613
6613
6615
6618
6620
6620
6621
6623
6624
6626
6626
6626
6629
6632
6632
6634
6635
6638
6641
6643
6643
6644
6647
6649
6651
6651
6652
6652
6655
6659
6659
6660
6663
6663
6665
6665
6666
6668
6669
6672
6672
6672
6673
6675
6677
6677
6678
6681
6681
6685
6687
6687
6690
6690
6690
6692
6693
6695
6697
6701
6701
6701
6701
6704
6708
6708
6709
6712
6714
6715
6716
6717
6720
6723
6723
6723
6723
6725
6727
6729
6729
6730
6733
6733
6736
6736
6737
6740
6743
6745
6747
6748
6750
6752
6754
6754
6755
6758
6761
6765
6765
6766
6769
6772
6776
6776
6777
6780
6780
6782
6784
6785
6787
6790
6792
6792
6793
6796
6798
6802
6804
6805
6807
6808
6810
6810
6811
6814
6816
6817
6818
6818
6821
6823
6825
6827
6828
6831
6834
6834
6836
6837
6840
6840
6841
6842
6842
6845
6848
6852
6852
6853
6856
6859
6861
6861
6862
6865
6867
6869
6869
6870
6873
6876
6876
6878
6878
6880
6883
6883
6884
6885
6888
6888
6891
6893
6894
6896
6897
6897
6899
6900
6903
6906
6906
6906
6907
6909
6911
6911
6911
6912
6914
6916
6916
6916
6917
6920
6923
6923
6923
6923
6925
6928
6928
6930
6930
6930
6933
6937
6939
6940
6943
6945
6947
6949
6949
6949
6951
6953
6953
6954
6957
6957
6959
6959
6960
6962
6963
6965
6965
6966
6969
6971
6973
6973
6973
6975
6978
6980
6980
6981
6984
6984
6986
6986
6987
6989
6991
6991
6993
6993
6995
6998
7002
7004
7005
7007
7010
7010
7010
7011
7013
7014
7016
7016
7017
7020
7023
7025
7025
7026
7029
7032
7032
7032
7033
7035
7036
7040
7042
7043
7046
7048
7052
7052
7053
7056
7059
7059
7061
7062
7065
7067
7067
7067
7068
7071
7071
7071
7073
7073
7075
7077
7079
7079
7080
7083
7086
7086
7086
7087
7090
7092
7094
7094
7095
7098
7101
7101
7101
7102
7105
7107
7107
7107
7107
7109
7111
7111
7111
7111
7113
7115
7117
7117
7118
7121
7124
7126
7128
7129
7132
7134
7136
7136
7136
7138
7140
7142
7142
7143
7146
7149
7149
7151
7152
7155
7155
7159
7159
7159
7159
7162
7166
7168
7168
7168
7171
7172
7173
7174
7177
7177
7177
7177
7178
7180
7182
7184
7184
7185
7188
7191
7195
7195
7196
7199
7199
7201
7203
7203
7206
7208
7212
7212
7213
7216
7216
7218
7218
7219
7222
7222
7226
7226
7226
7228
7231
7231
7233
7234
7237
7240
7244
7246
7247
7250
7253
7255
7255
7256
7258
7259
7261
7261
7262
7265
7268
7268
7268
7269
7272
7274
7276
7276
7277
7279
7282
7282
7283
7284
7287
7287
7289
7291
7291
7291
7294
7296
7298
7299
7301
7302
7305
7305
7305
7308
7308
7312
7312
7312
7312
7315
7319
7319
7319
7319
7322
7322
7324
7325
7327
7328
7329
7331
7332
7335
7338
7340
7340
7340
7342
7344
7346
7348
7349
7352
7354
7355
7355
7356
7359
7362
7364
7366
7367
7369
7371
7373
7375
7376
7379
7382
7382
7382
7383
7386
7389
7389
7389
7390
7393
7396
7400
7402
7403
7405
7406
7408
7410
7410
7410
7413
7413
7413
7414
7417
7419
7423
7423
7423
7426
7429
7429
7429
7430
7433
7435
7435
7437
7438
7440
7443
7443
7443
7444
7446
7449
7449
7450
7451
7453
7455
7457
7457
7458
7461
7464
7464
7464
7465
7468
7471
7471
7471
7472
7475
7478
7482
7482
7483
7486
7488
7492
7492
7493
7496
7498
7498
7498
7499
7502
7505
7509
7509
7510
7513
7515
7517
7519
7520
7523
7526
7528
7530
7530
7533
7533
7536
7536
7536
7536
7538
7538
7539
7540
7542
7543
7546
7546
7547
7547
7548
7550
7550
7550
7553
7556
7560
7560
7561
7564
7567
7571
7571
7572
7574
7575
7577
7577
7578
7581
7583
7585
7585
7586
7589
7589
7592
7592
7593
7593
7594
7597
7599
7599
7599
7602
7602
7602
7602
7605
7607
7607
7609
7610
7613
7613
7617
7617
7618
7621
7624
7624
7624
7624
7626
7627
7630
7630
7631
7633
7636
7640
7642
7642
7642
7645
7649
7649
7650
7653
7656
7658
7660
7661
7663
7665
7665
7665
7666
7668
7671
7671
7673
7674
7676
7679
7683
7685
7686
7688
7689
7691
7691
7692
7694
7697
7699
7701
7702
7705
7707
7707
7709
7710
7713
7715
7717
7717
7718
7721
7724
7724
7724
7725
7728
7728
7730
7730
7731
7734
7736
7737
7739
7740
7743
7746
7746
7748
7749
7752
7754
7754
7754
7754
7756
7759
7763
7763
7764
7767
7770
7772
7772
7773
7776
7779
7779
7779
7780
7783
7783
7785
7787
